jails:
  '1':
    world: 80401bfc-50f0-479f-b28b-3a1c2b5accfa
    world-name: world
    x: -1268.5680358995553
    y: 64.0
    z: -1570.8811491943723
    yaw: 57.0587158203125
    pitch: 14.87988567352295
  obezm:
    world: d86ec1ab-9580-4f42-9edf-6badc97ecfcc
    world-name: spawn
    x: -31.69999998807907
    y: 83.0
    z: 9.664917243904135
    yaw: 270.8763427734375
    pitch: -4.5381317138671875
