world: f3e79aef-8c5d-4adb-a2c8-563db26d45d0
world-name: world
x: 2334.555173180858
y: 74.0
z: -2749.696539136613
yaw: -357.40631103515625
pitch: 3.2400786876678467
name: 42fps
lastowner: 5dd9ef12-a056-3d7b-8e2c-c1712048c667
