world: f3e79aef-8c5d-4adb-a2c8-563db26d45d0
world-name: world
x: 1812.300000011921
y: 75.0
z: 113.30000001192093
yaw: -43.89960479736328
pitch: 51.26999282836914
name: 52fps
lastowner: 99885979-1a3f-3a33-8d7c-a96fa211bdc3
