world: f3e79aef-8c5d-4adb-a2c8-563db26d45d0
world-name: world
x: 4027.699999988079
y: 165.0
z: 647.3000000119209
yaw: -305.95263671875
pitch: -1.051790475845337
name: 69fps
lastowner: 8bf1e239-868f-307d-8364-3e10fea92425
