world: f3e79aef-8c5d-4adb-a2c8-563db26d45d0
world-name: world
x: 960.5274367604719
y: 82.0
z: -533.2194774343714
yaw: 162.64208984375
pitch: 27.613452911376953
name: bebra
lastowner: 094ba4fe-2baa-3c4e-b4c3-cffda9e6696a
