world: f3e79aef-8c5d-4adb-a2c8-563db26d45d0
world-name: world
x: -7026.699999988079
y: 100.0
z: -7180.699999988079
yaw: -49.876407623291016
pitch: 4.790543079376221
name: EzzKv
lastowner: 5cb4bb26-409a-37e7-b895-b3abfcbab38e
