world: f3e79aef-8c5d-4adb-a2c8-563db26d45d0
world-name: world
x: 2223.300000011921
y: 64.0
z: 325.69999998807907
yaw: -141.8008270263672
pitch: 59.48484802246094
name: Guard
lastowner: 2f49cfbe-7c4a-37c2-aa6d-3e7d98ec076f
