world: f3e79aef-8c5d-4adb-a2c8-563db26d45d0
world-name: world
x: -1701.4616259756478
y: 70.0
z: 327.4546657743862
yaw: -134.39834594726562
pitch: 0.3481433093547821
name: Guardx_pvp
lastowner: 040b6265-d8e7-342c-9a13-04cfc1fbcc3d
