world: f3e79aef-8c5d-4adb-a2c8-563db26d45d0
world-name: world
x: -7468.3276109231465
y: 40.0
z: -2697.699999988079
yaw: 198.7076416015625
pitch: 2.8366646766662598
name: Harem
lastowner: 5cb4bb26-409a-37e7-b895-b3abfcbab38e
