world: f3e79aef-8c5d-4adb-a2c8-563db26d45d0
world-name: world
x: -2049.3000000119187
y: 106.0
z: 7498.849037593086
yaw: -83.10470581054688
pitch: 61.50007629394531
name: krai
lastowner: 31878b5a-6b57-33a0-a2cc-4564b5e89318
