world: f3e79aef-8c5d-4adb-a2c8-563db26d45d0
world-name: world
x: 2242.271032659583
y: 64.0
z: 339.84429954407784
yaw: -259.17376708984375
pitch: 20.4404296875
name: kv
lastowner: 2f49cfbe-7c4a-37c2-aa6d-3e7d98ec076f
