world: f3e79aef-8c5d-4adb-a2c8-563db26d45d0
world-name: world
x: 1283.2676061066795
y: 70.0
z: 1860.5458904863017
yaw: -278.8649597167969
pitch: 51.19585418701172
name: nubiki
lastowner: 52c46844-eb2c-32eb-b8f5-6f07a31150c5
