world: f3e79aef-8c5d-4adb-a2c8-563db26d45d0
world-name: world
x: 2426.860619020417
y: 63.0
z: 2262.300000011921
yaw: -316.7843322753906
pitch: 10.200370788574219
name: o
lastowner: 5d097c1b-3bf3-30a8-a230-0a30998f3ce0
