world: f3e79aef-8c5d-4adb-a2c8-563db26d45d0
world-name: world
x: -7489.699999988079
y: 68.0
z: -2752.699999988079
yaw: 284.641357421875
pitch: 11.892582893371582
name: parkur
lastowner: 73755fc7-27a0-3f48-aa52-8333edee480e
