world: f3e79aef-8c5d-4adb-a2c8-563db26d45d0
world-name: world
x: -477.30000001192093
y: 65.0
z: 7499.662504394968
yaw: 145.3499755859375
pitch: -90.0
name: pvptop
lastowner: 873adcbf-79bd-3324-932a-58c686fb5684
