world: f3e79aef-8c5d-4adb-a2c8-563db26d45d0
world-name: world
x: -1211.6493623698
y: 64.0
z: -1892.300000011921
yaw: 186.7823486328125
pitch: 0.28910088539123535
name: rzrpvp
lastowner: 73755fc7-27a0-3f48-aa52-8333edee480e
