world: f3e79aef-8c5d-4adb-a2c8-563db26d45d0
world-name: world
x: 6046.300692350622
y: 33.200000047683716
z: -5976.483630371593
yaw: -271.03173828125
pitch: 16.650014877319336
name: server_farm2
lastowner: 806363fc-f66c-3834-840c-9b9cd0e10470
