world: f3e79aef-8c5d-4adb-a2c8-563db26d45d0
world-name: world
x: 6071.401199209381
y: 33.200000047683716
z: -5973.307719391551
yaw: -180.1318359375
pitch: 16.20001983642578
name: server_farm
lastowner: 806363fc-f66c-3834-840c-9b9cd0e10470
