world: f3e79aef-8c5d-4adb-a2c8-563db26d45d0
world-name: world
x: -1032.1768252343677
y: 64.0
z: -500.29900669032185
yaw: 130.2870330810547
pitch: 29.61326026916504
name: soft
lastowner: 442da567-3514-3669-a666-0a10fa2491c8
